; ======================================================================
; ALLSKY
; ======================================================================
0001  LBL "ALLSKY"
0002  STO 12
0003  R↓
0004  STO 11
0005  R↓
0006  STO 10
0007  RCL 11
0008  STO 91
0009  RCL 12
0010  STO 92
0011  XEQ "HCZI"
0012  CLLCD
0013  0
0014  STO 44
0015  RCL 11
0016  X<0?
0017  XEQ 44
0018  -118
0019  0
0020  PIXEL
0021  18.21803
0022  STO 26
0023  LBL 08
0024  RCL 26
0025  IP
0026  18
0027  PIXEL
0028  ISG 26
0029  GTO 08
0030  135
0031  15
0032  PIXEL
0033  135
0034  16
0035  PIXEL
0036  135
0037  17
0038  PIXEL
0039  133
0040  2
0041  10
0042  XEQ "PTNS"
0043  101
0044  15
0045  PIXEL
0046  101
0047  16
0048  PIXEL
0049  101
0050  17
0051  PIXEL
0052  99
0053  2
0054  10
0055  XEQ "PTNS"
0056  152
0057  15
0058  PIXEL
0059  152
0060  16
0061  PIXEL
0062  152
0063  17
0064  PIXEL
0065  150
0066  2
0067  20
0068  XEQ "PTNS"
0069  84
0070  15
0071  PIXEL
0072  84
0073  16
0074  PIXEL
0075  84
0076  17
0077  PIXEL
0078  82
0079  2
0080  20
0081  XEQ "PTNS"
0082  167
0083  15
0084  PIXEL
0085  167
0086  16
0087  PIXEL
0088  167
0089  17
0090  PIXEL
0091  165
0092  2
0093  30
0094  XEQ "PTNS"
0095  69
0096  15
0097  PIXEL
0098  69
0099  16
0100  PIXEL
0101  69
0102  17
0103  PIXEL
0104  67
0105  2
0106  30
0107  XEQ "PTNS"
0108  188
0109  15
0110  PIXEL
0111  188
0112  16
0113  PIXEL
0114  188
0115  17
0116  PIXEL
0117  186
0118  2
0119  45
0120  XEQ "PTNS"
0121  48
0122  15
0123  PIXEL
0124  48
0125  16
0126  PIXEL
0127  48
0128  17
0129  PIXEL
0130  46
0131  2
0132  45
0133  XEQ "PTNS"
0134  204
0135  15
0136  PIXEL
0137  204
0138  16
0139  PIXEL
0140  204
0141  17
0142  PIXEL
0143  202
0144  2
0145  60
0146  XEQ "PTNS"
0147  32
0148  15
0149  PIXEL
0150  32
0151  16
0152  PIXEL
0153  32
0154  17
0155  PIXEL
0156  30
0157  2
0158  60
0159  XEQ "PTNS"
0160  218
0161  15
0162  PIXEL
0163  218
0164  16
0165  PIXEL
0166  218
0167  17
0168  PIXEL
0169  216
0170  2
0171  90
0172  XEQ "PTNS"
0173  18
0174  15
0175  PIXEL
0176  18
0177  16
0178  PIXEL
0179  18
0180  17
0181  PIXEL
0182  16
0183  2
0184  90
0185  XEQ "PTNS"
0186  117
0187  20
0188  PIXEL
0189  116
0190  20
0191  PIXEL
0192  117
0193  51
0194  PIXEL
0195  116
0196  51
0197  PIXEL
0198  117
0199  82
0200  PIXEL
0201  116
0202  82
0203  PIXEL
0204  117
0205  113
0206  PIXEL
0207  116
0208  113
0209  PIXEL
0210  117
0211  145
0212  PIXEL
0213  116
0214  145
0215  PIXEL
0216  117
0217  176
0218  PIXEL
0219  116
0220  176
0221  PIXEL
0222  117
0223  207
0224  PIXEL
0225  116
0226  207
0227  PIXEL
0228  117
0229  238
0230  PIXEL
0231  116
0232  238
0233  PIXEL
0234  117
0235  270
0236  PIXEL
0237  116
0238  270
0239  PIXEL
0240  117
0241  301
0242  PIXEL
0243  116
0244  301
0245  PIXEL
0246  117
0247  332
0248  PIXEL
0249  116
0250  332
0251  PIXEL
0252  117
0253  363
0254  PIXEL
0255  116
0256  363
0257  PIXEL
0258  117
0259  395
0260  PIXEL
0261  116
0262  395
0263  PIXEL
0264  RCL 44
0265  X≠0?
0266  GTO 09
0267  110
0268  19
0269  "N"
0270  XEQ "PTXT"
0271  110
0272  112
0273  "E"
0274  XEQ "PTXT"
0275  110
0276  206
0277  "S"
0278  XEQ "PTXT"
0279  110
0280  300
0281  "W"
0282  XEQ "PTXT"
0283  110
0284  394
0285  "N"
0286  XEQ "PTXT"
0287  GTO 10
0288  LBL 09
0289  110
0290  19
0291  "S"
0292  XEQ "PTXT"
0293  110
0294  112
0295  "W"
0296  XEQ "PTXT"
0297  110
0298  206
0299  "N"
0300  XEQ "PTXT"
0301  110
0302  300
0303  "E"
0304  XEQ "PTXT"
0305  110
0306  394
0307  "S"
0308  XEQ "PTXT"
0309  LBL 10
0310  219
0311  150
0312  "OVER HORIZON"
0313  XEQ "PTXT"
0314  2
0315  150
0316  "UNDER HORIZON"
0317  XEQ "PTXT"
0318  RCL 10
0319  XEQ "SUNA"
0320  STO 45
0321  R↓
0322  STO 46
0323  227
0324  2
0325  RCL 10
0326  XEQ "PDTS"
0327  227
0328  88
0329  RCL 10
0330  0.5
0331  +
0332  1
0333  MOD
0334  24
0335  ×
0336  XEQ "PHMS"
0337  " UT"
0338  XEQ "PTXS"
0339  0
0340  3
0341  XEQ "HCZQ"
0342  0
0343  STO 47
0344  LBL 13
0345  XEQ "HCZR"
0346  XEQ 48
0347  XEQ 14
0348  3
0349  STO+ 47
0350  357
0351  RCL 47
0352  X≤Y?
0353  GTO 13
0354  RCL 10
0355  2451545
0356  -
0357  365.25
0358  ÷
0359  3600
0360  ÷
0361  STO 26
0362  1.058
0363  STO 42
0364  LBL 20
0365  INDEX "ST"
0366  RCL 42
0367  IP
0368  1
0369  STOIJ
0370  RCLEL
0371  STO 22
0372  J+
0373  RCLEL
0374  STO 23
0375  RCL 22
0376  COS
0377  20.0431
0378  ×
0379  RCL× 26
0380  RCL+ 23
0381  RCL 22
0382  SIN
0383  RCL 23
0384  TAN
0385  ×
0386  20.0431
0387  ×
0388  46.1244
0389  +
0390  RCL× 26
0391  RCL+ 22
0392  RCL 80
0393  X<>Y
0394  -
0395  360
0396  MOD
0397  XEQ "HCZ"
0398  XEQ 48
0399  XEQ 15
0400  ISG 42
0401  GTO 20
0402  1.004
0403  STO 42
0404  LBL 21
0405  RCL 42
0406  IP
0407  XEQ "PLN3"
0408  XEQ "HCZ"
0409  XEQ 48
0410  RCL 42
0411  IP
0412  70
0413  +
0414  STO 43
0415  XEQ 16
0416  ISG 42
0417  GTO 21
0418  XEQ "MOO2"
0419  XEQ "HCZ"
0420  XEQ 48
0421  62
0422  STO 43
0423  XEQ 16
0424  RCL 46
0425  RCL 45
0426  XEQ "HCZ"
0427  STO 27
0428  XEQ 48
0429  61
0430  STO 43
0431  XEQ 16
0432  "NIGHT"
0433  STO 43
0434  -12
0435  RCL 27
0436  X>Y?
0437  XEQ 22
0438  RCL 27
0439  X>0?
0440  XEQ 23
0441  227
0442  300
0443  RCL 43
0444  XEQ "PTXS"
0445  XEQ "WPLS"
0446  RTN
0447  LBL 44
0448  180
0449  STO 44
0450  RTN
0451  LBL 22
0452  "TWILIGHT"
0453  STO 43
0454  RTN
0455  LBL 23
0456  "DAY"
0457  STO 43
0458  RTN
0459  LBL 48
0460  RCL 97
0461  RCL+ 44
0462  360
0463  MOD
0464  375
0465  ×
0466  360
0467  ÷
0468  20
0469  +
0470  IP
0471  STO 98
0472  RCL "SHC"
0473  100
0474  ×
0475  118
0476  +
0477  IP
0478  STO 99
0479  RTN
0480  LBL 14
0481  RCL 99
0482  RCL 98
0483  PIXEL
0484  RCL 99
0485  RCL 98
0486  1
0487  +
0488  PIXEL
0489  RCL 99
0490  1
0491  +
0492  RCL 98
0493  PIXEL
0494  RCL 99
0495  1
0496  +
0497  RCL 98
0498  1
0499  +
0500  PIXEL
0501  RTN
0502  LBL 15
0503  RCL 99
0504  2
0505  -
0506  RCL 98
0507  2
0508  -
0509  "*"
0510  XEQ "PTXT"
0511  RCL 98
0512  5
0513  +
0514  STO 28
0515  388
0516  RCL 28
0517  X>Y?
0518  XEQ 17
0519  RCL 99
0520  2
0521  -
0522  RCL 28
0523  RCL 42
0524  IP
0525  XEQ "PTNS"
0526  RTN
0527  LBL 17
0528  17
0529  STO- 28
0530  RTN
0531  LBL 16
0532  RCL 99
0533  6
0534  -
0535  RCL 98
0536  6
0537  -
0538  XEQ IND 43
0539  XEQ "PTXS"
0540  RTN
0541  LBL 61
0542  "@"
0543  RTN
0544  LBL 62
0545  "("
0546  RTN
0547  LBL 71
0548  "<"
0549  RTN
0550  LBL 72
0551  ">"
0552  RTN
0553  LBL 73
0554  "="
0555  RTN
0556  LBL 74
0557  "?"
0558  RTN
0559  END
