; ======================================================================
; HANIM
; ======================================================================
0001  LBL "HANIM"
0002  STO 12
0003  R↓
0004  STO 11
0005  R↓
0006  STO 10
0007  24
0008  STO 14
0009  0.5
0010  STO 15
0011  RCL 11
0012  STO 91
0013  RCL 12
0014  STO 92
0015  XEQ "HCZI"
0016  0
0017  STO 44
0018  RCL 11
0019  X<0?
0020  XEQ 44
0021  CLLCD
0022  XEQ 72
0023  0
0024  2
0025  XEQ "HCZQ"
0026  0
0027  STO 47
0028  LBL 13
0029  XEQ "HCZR"
0030  XEQ 48
0031  XEQ 14
0032  2
0033  STO+ 47
0034  358
0035  RCL 47
0036  X≤Y?
0037  GTO 13
0038  0
0039  STO 13
0040  LBL 01
0041  RCL 13
0042  RCL× 15
0043  24
0044  ÷
0045  RCL+ 10
0046  STO 17
0047  XEQ 71
0048  RCL 17
0049  XEQ "SUNF"
0050  XEQ "HCZ"
0051  STO 27
0052  XEQ 48
0053  RCL 99
0054  STO 20
0055  RCL 98
0056  STO 21
0057  XEQ "MOOQ"
0058  XEQ "HCZ"
0059  XEQ 48
0060  RCL 99
0061  STO 22
0062  RCL 98
0063  STO 23
0064  "NIGHT"
0065  STO 43
0066  -12
0067  RCL 27
0068  X>Y?
0069  XEQ 02
0070  RCL 27
0071  X>0?
0072  XEQ 03
0073  224
0074  0
0075  CLLCDxy
0076  227
0077  2
0078  RCL 17
0079  XEQ "PDTS"
0080  227
0081  88
0082  RCL 17
0083  0.5
0084  +
0085  1
0086  MOD
0087  24
0088  ×
0089  XEQ "PHMS"
0090  " UT"
0091  XEQ "PTXS"
0092  227
0093  200
0094  RCL 13
0095  1
0096  +
0097  XEQ "PINS"
0098  "/"
0099  XEQ "PTXS"
0100  RCL 14
0101  XEQ "PINS"
0102  227
0103  300
0104  RCL 43
0105  XEQ "PTXS"
0106  RCL 20
0107  6
0108  -
0109  RCL 21
0110  6
0111  -
0112  "@"
0113  XEQ "PTXS"
0114  RCL 22
0115  6
0116  -
0117  RCL 23
0118  6
0119  -
0120  "("
0121  XEQ "PTXS"
0122  PAUSE 10
0123  1
0124  STO+ 13
0125  RCL 14
0126  RCL 13
0127  X<Y?
0128  GTO 01
0129  XEQ "WPLS"
0130  RTN
0131  LBL 44
0132  180
0133  STO 44
0134  RTN
0135  LBL 02
0136  "TWILIGHT"
0137  STO 43
0138  RTN
0139  LBL 03
0140  "DAY"
0141  STO 43
0142  RTN
0143  LBL 71
0144  RCL 17
0145  2451545
0146  -
0147  STO 25
0148  0.000800925925925926
0149  +
0150  36525
0151  ÷
0152  STO 54
0153  RCL 25
0154  360.98564736629
0155  ×
0156  280.46061837
0157  +
0158  360
0159  MOD
0160  STO 80
0161  RTN
0162  LBL 72
0163  -118
0164  0
0165  PIXEL
0166  18.21803
0167  STO 26
0168  LBL 08
0169  RCL 26
0170  IP
0171  18
0172  PIXEL
0173  ISG 26
0174  GTO 08
0175  135
0176  15
0177  PIXEL
0178  135
0179  16
0180  PIXEL
0181  135
0182  17
0183  PIXEL
0184  133
0185  2
0186  10
0187  XEQ "PTNS"
0188  101
0189  15
0190  PIXEL
0191  101
0192  16
0193  PIXEL
0194  101
0195  17
0196  PIXEL
0197  99
0198  2
0199  10
0200  XEQ "PTNS"
0201  152
0202  15
0203  PIXEL
0204  152
0205  16
0206  PIXEL
0207  152
0208  17
0209  PIXEL
0210  150
0211  2
0212  20
0213  XEQ "PTNS"
0214  84
0215  15
0216  PIXEL
0217  84
0218  16
0219  PIXEL
0220  84
0221  17
0222  PIXEL
0223  82
0224  2
0225  20
0226  XEQ "PTNS"
0227  167
0228  15
0229  PIXEL
0230  167
0231  16
0232  PIXEL
0233  167
0234  17
0235  PIXEL
0236  165
0237  2
0238  30
0239  XEQ "PTNS"
0240  69
0241  15
0242  PIXEL
0243  69
0244  16
0245  PIXEL
0246  69
0247  17
0248  PIXEL
0249  67
0250  2
0251  30
0252  XEQ "PTNS"
0253  188
0254  15
0255  PIXEL
0256  188
0257  16
0258  PIXEL
0259  188
0260  17
0261  PIXEL
0262  186
0263  2
0264  45
0265  XEQ "PTNS"
0266  48
0267  15
0268  PIXEL
0269  48
0270  16
0271  PIXEL
0272  48
0273  17
0274  PIXEL
0275  46
0276  2
0277  45
0278  XEQ "PTNS"
0279  204
0280  15
0281  PIXEL
0282  204
0283  16
0284  PIXEL
0285  204
0286  17
0287  PIXEL
0288  202
0289  2
0290  60
0291  XEQ "PTNS"
0292  32
0293  15
0294  PIXEL
0295  32
0296  16
0297  PIXEL
0298  32
0299  17
0300  PIXEL
0301  30
0302  2
0303  60
0304  XEQ "PTNS"
0305  218
0306  15
0307  PIXEL
0308  218
0309  16
0310  PIXEL
0311  218
0312  17
0313  PIXEL
0314  216
0315  2
0316  90
0317  XEQ "PTNS"
0318  18
0319  15
0320  PIXEL
0321  18
0322  16
0323  PIXEL
0324  18
0325  17
0326  PIXEL
0327  16
0328  2
0329  90
0330  XEQ "PTNS"
0331  117
0332  20
0333  PIXEL
0334  116
0335  20
0336  PIXEL
0337  117
0338  51
0339  PIXEL
0340  116
0341  51
0342  PIXEL
0343  117
0344  82
0345  PIXEL
0346  116
0347  82
0348  PIXEL
0349  117
0350  113
0351  PIXEL
0352  116
0353  113
0354  PIXEL
0355  117
0356  145
0357  PIXEL
0358  116
0359  145
0360  PIXEL
0361  117
0362  176
0363  PIXEL
0364  116
0365  176
0366  PIXEL
0367  117
0368  207
0369  PIXEL
0370  116
0371  207
0372  PIXEL
0373  117
0374  238
0375  PIXEL
0376  116
0377  238
0378  PIXEL
0379  117
0380  270
0381  PIXEL
0382  116
0383  270
0384  PIXEL
0385  117
0386  301
0387  PIXEL
0388  116
0389  301
0390  PIXEL
0391  117
0392  332
0393  PIXEL
0394  116
0395  332
0396  PIXEL
0397  117
0398  363
0399  PIXEL
0400  116
0401  363
0402  PIXEL
0403  117
0404  395
0405  PIXEL
0406  116
0407  395
0408  PIXEL
0409  RCL 44
0410  X≠0?
0411  GTO 09
0412  110
0413  19
0414  "N"
0415  XEQ "PTXT"
0416  110
0417  112
0418  "E"
0419  XEQ "PTXT"
0420  110
0421  206
0422  "S"
0423  XEQ "PTXT"
0424  110
0425  300
0426  "W"
0427  XEQ "PTXT"
0428  110
0429  394
0430  "N"
0431  XEQ "PTXT"
0432  GTO 10
0433  LBL 09
0434  110
0435  19
0436  "S"
0437  XEQ "PTXT"
0438  110
0439  112
0440  "W"
0441  XEQ "PTXT"
0442  110
0443  206
0444  "N"
0445  XEQ "PTXT"
0446  110
0447  300
0448  "E"
0449  XEQ "PTXT"
0450  110
0451  394
0452  "S"
0453  XEQ "PTXT"
0454  LBL 10
0455  219
0456  150
0457  "OVER HORIZON"
0458  XEQ "PTXT"
0459  2
0460  150
0461  "UNDER HORIZON"
0462  XEQ "PTXT"
0463  RTN
0464  LBL 14
0465  RCL 99
0466  RCL 98
0467  PIXEL
0468  RCL 99
0469  RCL 98
0470  1
0471  +
0472  PIXEL
0473  RCL 99
0474  1
0475  +
0476  RCL 98
0477  PIXEL
0478  RCL 99
0479  1
0480  +
0481  RCL 98
0482  1
0483  +
0484  PIXEL
0485  RTN
0486  LBL 48
0487  RCL 97
0488  RCL+ 44
0489  360
0490  MOD
0491  375
0492  ×
0493  360
0494  ÷
0495  20
0496  +
0497  IP
0498  STO 98
0499  RCL "SHC"
0500  100
0501  ×
0502  118
0503  +
0504  IP
0505  STO 99
0506  RTN
0507  END
